object={
	name="steppe_bush_01_generator_0"
	render_pass=Map
	clamp_to_water_level=no
	generated_content=yes
	layer="grass_layer"
	pdxmesh="steppe_bush_01_mesh"
	count=12
	transform="4412.020020 0.000000 2748.064453 0.000000 0.401980 0.000000 -0.915649 0.684883 0.684883 0.684883
4374.196777 0.000000 2701.663574 0.000000 0.070094 0.000000 0.997540 0.257418 0.257418 0.257418
4446.395020 0.000000 2779.587402 0.000000 0.415849 0.000000 -0.909434 0.684593 0.684593 0.684593
4337.838867 0.000000 2875.705078 0.000000 0.880725 0.000000 -0.473628 0.580376 0.580376 0.580376
4335.026855 0.000000 2880.725098 0.000000 0.949199 0.000000 0.314676 0.448453 0.448453 0.448453
4340.361328 0.000000 2886.600098 0.000000 0.956143 0.000000 -0.292899 0.547866 0.547866 0.547866
4338.696289 0.000000 2882.746094 0.000000 0.134714 0.000000 -0.990884 0.734767 0.734767 0.734767
4386.964844 0.000000 2879.859375 0.000000 0.992203 0.000000 -0.124634 0.520122 0.520122 0.520122
4367.674805 0.000000 2905.884521 0.000000 0.128775 0.000000 -0.991674 0.735746 0.735746 0.735746
4392.904297 0.000000 2881.368164 0.000000 0.077328 0.000000 -0.997006 0.742341 0.742341 0.742341
4364.075195 0.000000 2908.930664 0.000000 0.567180 0.000000 -0.823594 0.658849 0.658849 0.658849
4367.440430 0.000000 2909.426514 0.000000 0.226952 0.000000 -0.973906 0.722774 0.722774 0.722774
"}
