object={
	name="tree_pine_01_a_generator_1_0"
	render_pass=Map
	clamp_to_water_level=no
	generated_content=yes
	layer="tree_high_layer"
	pdxmesh="tree_pine_single_01_a_mesh"
	count=10
	transform="734.640503 0.000000 1707.787842 0.000000 0.525567 0.000000 0.850752 1.000000 1.000000 1.000000
739.927856 0.000000 1700.734497 0.000000 0.692424 0.000000 0.721491 1.000000 1.000000 1.000000
734.009705 0.000000 1703.166260 0.000000 0.122439 0.000000 0.992476 1.000000 1.000000 1.000000
747.560608 0.000000 1706.191895 0.000000 0.112183 0.000000 0.993688 1.000000 1.000000 1.000000
735.723938 0.000000 1705.815430 0.000000 0.726712 0.000000 0.686942 1.000000 1.000000 1.000000
734.952271 0.000000 1701.315063 0.000000 0.105517 0.000000 0.994417 1.000000 1.000000 1.000000
739.940308 0.000000 1698.206177 0.000000 0.851055 0.000000 0.525076 1.000000 1.000000 1.000000
742.681824 0.000000 1710.030884 0.000000 0.053809 0.000000 0.998551 1.000000 1.000000 1.000000
746.163513 0.000000 1706.029297 0.000000 0.059141 0.000000 0.998250 1.000000 1.000000 1.000000
734.524536 0.000000 1706.342896 0.000000 0.610025 0.000000 0.792382 1.000000 1.000000 1.000000
"}
object={
	name="tree_pine_01_a_generator_1_1"
	render_pass=Map
	clamp_to_water_level=no
	generated_content=yes
	layer="tree_high_layer"
	pdxmesh="tree_pine_single_01_b_mesh"
	count=11
	transform="734.629822 0.000000 1699.402466 0.000000 0.999811 0.000000 -0.019417 1.000000 1.000000 1.000000
737.581482 0.000000 1704.462280 0.000000 0.891095 0.000000 -0.453816 1.000000 1.000000 1.000000
732.207947 0.000000 1700.925049 0.000000 0.911093 0.000000 -0.412200 1.000000 1.000000 1.000000
747.291992 0.000000 1708.547363 0.000000 0.931132 0.000000 0.364682 1.000000 1.000000 1.000000
736.671143 0.000000 1708.423096 0.000000 0.986811 0.000000 0.161879 1.000000 1.000000 1.000000
733.487183 0.000000 1701.724365 0.000000 0.957570 0.000000 0.288202 1.000000 1.000000 1.000000
734.770996 0.000000 1704.549805 0.000000 0.905015 0.000000 -0.425381 1.000000 1.000000 1.000000
738.970032 0.000000 1703.861084 0.000000 0.989712 0.000000 0.143076 1.000000 1.000000 1.000000
736.423462 0.000000 1707.049316 0.000000 0.887177 0.000000 0.461428 1.000000 1.000000 1.000000
746.646667 0.000000 1707.324829 0.000000 0.907710 0.000000 0.419599 1.000000 1.000000 1.000000
747.740845 0.000000 1707.483032 0.000000 0.992655 0.000000 0.120979 1.000000 1.000000 1.000000
"}
object={
	name="tree_pine_01_a_generator_1_2"
	render_pass=Map
	clamp_to_water_level=no
	generated_content=yes
	layer="tree_high_layer"
	pdxmesh="tree_pine_single_01_c_mesh"
	count=8
	transform="733.429688 0.000000 1705.516357 0.000000 0.651082 0.000000 -0.759007 1.000000 1.000000 1.000000
741.986084 0.000000 1701.756592 0.000000 0.827406 0.000000 -0.561605 1.000000 1.000000 1.000000
738.672058 0.000000 1702.308350 0.000000 0.300280 0.000000 -0.953851 1.000000 1.000000 1.000000
735.892090 0.000000 1703.500122 0.000000 0.129060 0.000000 -0.991637 1.000000 1.000000 1.000000
741.609680 0.000000 1711.289185 0.000000 0.805939 0.000000 -0.591998 1.000000 1.000000 1.000000
737.583374 0.000000 1706.221802 0.000000 0.021464 0.000000 -0.999770 1.000000 1.000000 1.000000
734.109619 0.000000 1700.484131 0.000000 0.180310 0.000000 -0.983610 1.000000 1.000000 1.000000
735.497009 0.000000 1700.262695 0.000000 0.179033 0.000000 -0.983843 1.000000 1.000000 1.000000
"}
