object={
	name="env_desert_ambient_close"
	render_pass=Map
	clamp_to_water_level=yes
	generated_content=no
	layer="env_effect_layer"
	entity="env_desert_plains_ambient"
	count=18
	transform="5459.463379 0.000000 1891.604248 0.000000 0.000000 0.000000 1.000000 0.552173 0.552173 0.552173
5551.369141 0.000000 1907.295898 0.000000 0.000000 0.000000 1.000000 0.297986 0.297986 0.297986
5630.522461 0.000000 1921.134277 0.000000 0.000000 0.000000 1.000000 0.312842 0.312842 0.312842
5436.205566 0.000000 1947.849731 0.000000 0.000000 0.000000 1.000000 0.283594 0.283594 0.283594
5461.001465 0.000000 1787.006958 0.000000 0.000000 0.000000 1.000000 0.242018 0.242018 0.242018
5443.491211 0.000000 1820.069336 0.000000 0.000000 0.000000 1.000000 0.251880 0.251880 0.251880
5890.269043 0.000000 2329.384277 0.000000 0.000000 0.000000 1.000000 0.637500 0.637500 0.637500
5935.734863 1.051514 2339.483643 0.000000 0.000000 0.000000 1.000000 0.809375 0.809375 0.809375
6098.912598 0.000000 2288.814941 0.000000 0.000000 0.000000 1.000000 1.088477 1.088477 1.088477
6162.464844 0.000000 2333.692139 0.000000 0.000000 0.000000 1.000000 0.864160 0.864160 0.864160
6162.296387 0.000000 2218.608154 0.000000 0.000000 0.000000 1.000000 0.236219 0.236219 0.236219
6303.719727 0.000000 2237.951172 0.000000 0.000000 0.000000 1.000000 0.325684 0.325684 0.325684
6281.343262 0.000000 2304.405518 0.000000 0.000000 0.000000 1.000000 0.289404 0.289404 0.289404
6307.213379 0.000000 2268.338379 0.000000 0.000000 0.000000 1.000000 0.273193 0.273193 0.273193
6299.012695 0.000000 2295.916260 0.000000 0.000000 0.000000 1.000000 0.252507 0.252507 0.252507
4561.037598 0.000000 2453.812012 0.000000 0.000000 0.000000 1.000000 1.406836 1.406836 1.406836
4447.479492 0.000000 2472.533203 0.000000 0.000000 0.000000 1.000000 1.696492 1.696492 1.696492
4316.586914 0.000000 2527.282227 0.000000 0.000000 0.000000 1.000000 1.411133 1.411133 1.411133
"}
object={
	name="env_desert_mountains"
	render_pass=Map
	clamp_to_water_level=yes
	generated_content=no
	layer="env_effect_mountains_layer"
	entity="env_desert_mountains"
	count=0
}
object={
	name="env_desert_plains"
	render_pass=Map
	clamp_to_water_level=yes
	generated_content=no
	layer="env_effect_layer"
	entity="env_desert_plains"
	count=15
	transform="380.762756 0.000000 636.083801 0.000000 0.000000 0.000000 1.000000 0.741217 0.741217 0.741217
3405.906738 0.000000 1175.281250 0.000000 0.000000 0.000000 1.000000 0.671313 0.671313 0.671313
3431.007080 0.000000 1120.045776 0.000000 0.000000 0.000000 1.000000 0.665503 0.665503 0.665503
3414.803955 0.000000 1146.884766 0.000000 0.000000 0.000000 1.000000 0.534302 0.534302 0.534302
3454.817139 0.000000 1007.740417 0.000000 0.000000 0.000000 1.000000 0.722021 0.722021 0.722021
4743.164551 0.000000 1443.249390 0.000000 0.000000 0.000000 1.000000 1.000000 1.000000 1.000000
4788.098145 0.000000 1471.978882 0.000000 0.000000 0.000000 1.000000 1.000000 1.000000 1.000000
4613.948242 0.000000 1327.322998 0.000000 0.000000 0.000000 1.000000 1.000000 1.000000 1.000000
4624.004883 0.000000 1279.230713 0.000000 0.000000 0.000000 1.000000 1.000000 1.000000 1.000000
4259.658691 0.000000 1484.735962 0.000000 0.000000 0.000000 1.000000 0.667493 0.667493 0.667493
4249.641113 0.000000 1872.042114 0.000000 0.000000 0.000000 1.000000 0.711273 0.711273 0.711273
3904.614502 0.000000 2420.605225 0.000000 0.000000 0.000000 1.000000 0.714624 0.714624 0.714624
4766.006348 0.000000 2383.659424 0.000000 0.000000 0.000000 1.000000 1.000000 1.000000 1.000000
5802.192871 0.000000 2329.054932 0.000000 0.000000 0.000000 1.000000 0.636865 0.636865 0.636865
5377.431641 0.000000 1801.399780 0.000000 0.000000 0.000000 1.000000 1.000000 1.000000 1.000000
"}
object={
	name="env_desert_plains_ambient"
	render_pass=Map
	clamp_to_water_level=yes
	generated_content=no
	layer="env_effect_layer"
	entity="env_desert_plains_ambient"
	count=99
	transform="235.835510 0.000000 948.768127 0.000000 0.000000 0.000000 1.000000 1.000000 1.000000 1.000000
222.681961 0.000000 864.556091 0.000000 0.000000 0.000000 1.000000 1.000000 1.000000 1.000000
253.601166 0.000000 1025.021240 0.000000 0.000000 0.000000 1.000000 0.955786 0.955786 0.955786
313.405426 0.000000 1134.953369 0.000000 0.000000 0.000000 1.000000 1.000000 1.000000 1.000000
181.545670 0.000000 909.240173 0.000000 0.000000 0.000000 1.000000 1.000000 1.000000 1.000000
449.452362 -0.242310 897.531433 0.000000 0.000000 0.000000 1.000000 1.815253 1.815253 1.815253
630.685303 0.000000 844.785583 0.000000 0.000000 0.000000 1.000000 2.668341 2.668341 2.668341
608.178223 0.000000 1055.652954 0.000000 0.000000 0.000000 1.000000 2.037744 2.037744 2.037744
951.118103 0.000000 811.411682 0.000000 0.000000 0.000000 1.000000 2.198291 2.198291 2.198291
863.019653 0.000000 979.207764 0.000000 0.000000 0.000000 1.000000 2.171826 2.171826 2.171826
1051.690186 0.000000 1300.904175 0.000000 0.000000 0.000000 1.000000 2.078748 2.078748 2.078748
937.016235 0.000000 1278.712280 0.000000 0.000000 0.000000 1.000000 1.765440 1.765440 1.765440
1356.132202 0.000000 1023.640808 0.000000 0.000000 0.000000 1.000000 2.440082 2.440082 2.440082
1407.069580 0.000000 1285.926392 0.000000 0.000000 0.000000 1.000000 1.757678 1.757678 1.757678
1283.235107 0.000000 1398.041748 0.000000 0.000000 0.000000 1.000000 1.000000 1.000000 1.000000
715.574341 0.000000 1245.102417 0.000000 0.000000 0.000000 1.000000 0.671838 0.671838 0.671838
560.582703 0.000000 1206.916992 0.000000 0.000000 0.000000 1.000000 0.475837 0.475837 0.475837
484.149994 0.000000 1183.513306 0.000000 0.000000 0.000000 1.000000 0.511557 0.511557 0.511557
1325.079102 0.000000 691.069397 0.000000 0.000000 0.000000 1.000000 1.828168 1.828168 1.828168
1587.491577 0.000000 814.929871 0.000000 0.000000 0.000000 1.000000 1.841754 1.841754 1.841754
1675.619263 0.000000 588.902710 0.000000 0.000000 0.000000 1.000000 1.221500 1.221500 1.221500
1912.730225 0.000000 693.510803 0.000000 0.000000 0.000000 1.000000 1.889435 1.889435 1.889435
1763.812256 0.000000 939.333862 0.000000 0.000000 0.000000 1.000000 1.038013 1.038013 1.038013
1696.227905 0.000000 1178.525757 0.000000 0.000000 0.000000 1.000000 1.542456 1.542456 1.542456
1932.554810 0.000000 1135.950317 0.000000 0.000000 0.000000 1.000000 0.716504 0.716504 0.716504
2045.260010 0.000000 965.701416 0.000000 0.000000 0.000000 1.000000 2.235785 2.235785 2.235785
2279.842773 0.000000 746.314148 0.000000 0.000000 0.000000 1.000000 2.690900 2.690900 2.690900
2504.344238 0.000000 790.695312 0.000000 0.000000 0.000000 1.000000 3.127435 3.127435 3.127435
2407.573975 0.000000 1033.682129 0.000000 0.000000 0.000000 1.000000 2.224841 2.224841 2.224841
3096.971436 0.000000 94.629547 0.000000 0.000000 0.000000 1.000000 0.636585 0.636585 0.636585
3474.769531 0.000000 302.361420 0.000000 0.000000 0.000000 1.000000 0.841418 0.841418 0.841418
3659.311279 0.000000 365.749329 0.000000 0.000000 0.000000 1.000000 0.361235 0.361235 0.361235
3527.307373 0.000000 275.451050 0.000000 0.000000 0.000000 1.000000 0.972903 0.972903 0.972903
2645.522461 0.000000 1120.439575 0.000000 0.000000 0.000000 1.000000 1.000000 1.000000 1.000000
2767.062500 0.000000 1189.085205 0.000000 0.000000 0.000000 1.000000 0.611597 0.611597 0.611597
2765.830566 0.000000 836.596497 0.000000 0.000000 0.000000 1.000000 0.667139 0.667139 0.667139
2878.604492 0.000000 874.136902 0.000000 0.000000 0.000000 1.000000 0.672772 0.672772 0.672772
2834.711914 0.000000 729.569885 0.000000 0.000000 0.000000 1.000000 0.545020 0.545020 0.545020
2687.249023 0.000000 581.326477 0.000000 0.000000 0.000000 1.000000 1.145217 1.145217 1.145217
2580.817383 0.000000 583.869263 0.000000 0.000000 0.000000 1.000000 0.368042 0.368042 0.368042
2953.906250 0.000000 598.641541 0.000000 0.000000 0.000000 1.000000 0.644995 0.644995 0.644995
3022.203125 0.000000 692.499695 0.000000 0.000000 0.000000 1.000000 0.469543 0.469543 0.469543
2863.662842 0.000000 1042.460083 0.000000 0.000000 0.000000 1.000000 0.423084 0.423084 0.423084
2947.198975 0.000000 991.706543 0.000000 0.000000 0.000000 1.000000 0.329249 0.329249 0.329249
2894.590820 0.000000 959.180542 0.000000 0.000000 0.000000 1.000000 0.220822 0.220822 0.220822
2961.648438 0.000000 779.839478 0.000000 0.000000 0.000000 1.000000 0.220822 0.220822 0.220822
2957.141602 0.000000 745.436829 0.000000 0.000000 0.000000 1.000000 0.220822 0.220822 0.220822
3108.066162 0.000000 712.505310 0.000000 0.000000 0.000000 1.000000 0.220822 0.220822 0.220822
2889.845703 0.000000 1296.539307 0.000000 0.000000 0.000000 1.000000 0.372290 0.372290 0.372290
3491.615234 0.000000 2518.870850 0.000000 0.000000 0.000000 1.000000 0.973608 0.973608 0.973608
3443.607666 0.853027 2588.119141 0.000000 0.000000 0.000000 1.000000 1.155151 1.155151 1.155151
3086.441650 0.000000 1599.666748 0.000000 0.000000 0.000000 1.000000 0.185437 0.185437 0.185437
3137.359619 0.000000 1628.161377 0.000000 0.000000 0.000000 1.000000 0.218945 0.218945 0.218945
3288.025391 0.000000 1629.755005 0.000000 0.000000 0.000000 1.000000 0.362835 0.362835 0.362835
3257.235840 0.000000 1641.337524 0.000000 0.000000 0.000000 1.000000 0.444038 0.444038 0.444038
3143.598145 0.000000 1437.274292 0.000000 0.000000 0.000000 1.000000 1.631763 1.631763 1.631763
3254.051514 0.000000 1434.569946 0.000000 0.000000 0.000000 1.000000 1.603003 1.603003 1.603003
3096.004150 0.000000 1281.192993 0.000000 0.000000 0.000000 1.000000 1.000000 1.000000 1.000000
3156.039551 0.000000 1247.107544 0.000000 0.000000 0.000000 1.000000 1.000000 1.000000 1.000000
3411.208984 0.000000 1339.195801 0.000000 0.000000 0.000000 1.000000 0.893115 0.893115 0.893115
3475.406006 0.000000 1200.255005 0.000000 0.000000 0.000000 1.000000 0.812964 0.812964 0.812964
3560.678711 0.000000 1150.877686 0.000000 0.000000 0.000000 1.000000 0.696912 0.696912 0.696912
3520.870850 0.000000 1173.731934 0.000000 0.000000 0.000000 1.000000 0.520020 0.520020 0.520020
3505.108398 0.000000 812.659851 0.000000 0.000000 0.000000 1.000000 1.281580 1.281580 1.281580
3630.783447 0.000000 880.323669 0.000000 0.000000 0.000000 1.000000 1.886658 1.886658 1.886658
3757.336914 0.000000 889.391418 0.000000 0.000000 0.000000 1.000000 2.326880 2.326880 2.326880
3916.752441 0.000000 930.814392 0.000000 0.000000 0.000000 1.000000 1.476953 1.476953 1.476953
4695.517090 0.000000 1392.501099 0.000000 0.000000 0.000000 1.000000 0.649577 0.649577 0.649577
4337.340820 0.000000 1421.248657 0.000000 0.000000 0.000000 1.000000 0.830762 0.830762 0.830762
4383.982910 0.000000 1462.502808 0.000000 0.000000 0.000000 1.000000 0.872400 0.872400 0.872400
4078.819336 0.000000 1469.244141 0.000000 0.000000 0.000000 1.000000 0.587683 0.587683 0.587683
4041.741211 0.000000 1519.674316 0.000000 0.000000 0.000000 1.000000 0.620581 0.620581 0.620581
3903.429199 0.000000 1680.448120 0.000000 0.000000 0.000000 1.000000 0.812427 0.812427 0.812427
3848.349854 0.000000 1678.542358 0.000000 0.000000 0.000000 1.000000 0.457410 0.457410 0.457410
4111.529785 0.000000 1991.534058 0.000000 0.000000 0.000000 1.000000 0.821436 0.821436 0.821436
4024.809082 0.000000 1988.285400 0.000000 0.000000 0.000000 1.000000 1.160376 1.160376 1.160376
3989.184326 0.000000 2059.764648 0.000000 0.000000 0.000000 1.000000 0.693506 0.693506 0.693506
3960.515137 0.000000 1975.213989 0.000000 0.000000 0.000000 1.000000 0.597510 0.597510 0.597510
3860.700439 0.000000 2063.445312 0.000000 0.000000 0.000000 1.000000 0.542085 0.542085 0.542085
3840.008301 0.000000 2145.594238 0.000000 0.000000 0.000000 1.000000 1.081183 1.081183 1.081183
3844.851074 0.000000 2249.720215 0.000000 0.000000 0.000000 1.000000 0.853526 0.853526 0.853526
3862.918701 0.000000 2335.655029 0.000000 0.000000 0.000000 1.000000 0.664233 0.664233 0.664233
4326.216309 0.000000 2176.143799 0.000000 0.000000 0.000000 1.000000 1.000000 1.000000 1.000000
4199.408691 0.000000 2219.362305 0.000000 0.000000 0.000000 1.000000 1.589917 1.589917 1.589917
4202.456543 0.000000 2113.510254 0.000000 0.000000 0.000000 1.000000 0.764697 0.764697 0.764697
4111.606445 0.000000 2246.019531 0.000000 0.000000 0.000000 1.000000 1.163330 1.163330 1.163330
4869.219727 0.000000 2449.630859 0.000000 0.000000 0.000000 1.000000 0.533496 0.533496 0.533496
4838.917480 0.000000 2480.865234 0.000000 0.000000 0.000000 1.000000 0.533496 0.533496 0.533496
4792.088867 0.000000 2487.265137 0.000000 0.000000 0.000000 1.000000 0.533496 0.533496 0.533496
5428.048828 0.000000 2594.465820 0.000000 0.000000 0.000000 1.000000 0.585085 0.585085 0.585085
5469.257324 0.000000 2575.922852 0.000000 0.000000 0.000000 1.000000 0.412891 0.412891 0.412891
5714.030273 0.000000 2336.424805 0.000000 0.000000 0.000000 1.000000 0.834985 0.834985 0.834985
5635.437988 0.000000 2340.791748 0.000000 0.000000 0.000000 1.000000 1.218555 1.218555 1.218555
5531.523926 0.000000 2326.743164 0.000000 0.000000 0.000000 1.000000 0.561401 0.561401 0.561401
5295.555664 0.000000 2173.383545 0.000000 0.000000 0.000000 1.000000 1.197266 1.197266 1.197266
5162.131348 0.000000 2116.564941 0.000000 0.000000 0.000000 1.000000 1.687988 1.687988 1.687988
5022.660156 0.000000 2066.134521 0.000000 0.000000 0.000000 1.000000 1.480249 1.480249 1.480249
4918.284180 0.000000 2016.772949 0.000000 0.000000 0.000000 1.000000 0.734290 0.734290 0.734290
5237.664062 0.000000 1830.575684 0.000000 0.000000 0.000000 1.000000 0.511047 0.511047 0.511047
"}
object={
	name="env_forest_mountains"
	render_pass=Map
	clamp_to_water_level=yes
	generated_content=no
	layer="env_effect_mountains_layer"
	entity="env_mist_sun"
	count=0
}
object={
	name="env_mist_forest"
	render_pass=Map
	clamp_to_water_level=yes
	generated_content=no
	layer="env_effect_layer"
	entity="env_mist_sun"
	count=105
	transform="2141.059326 0.000000 3543.593506 0.000000 0.000000 0.000000 1.000000 1.000000 1.000000 1.000000
2175.089844 0.000000 3577.354980 0.000000 0.000000 0.000000 1.000000 1.000000 1.000000 1.000000
2209.466797 0.000000 3521.710693 0.000000 0.000000 0.000000 1.000000 1.000000 1.000000 1.000000
2249.520264 0.000000 3669.718750 0.000000 0.000000 0.000000 1.000000 1.206787 1.206787 1.206787
2298.471680 0.000000 3693.831543 0.000000 0.000000 0.000000 1.000000 1.000000 1.000000 1.000000
2285.832764 0.000000 3582.442383 0.000000 0.000000 0.000000 1.000000 1.330542 1.330542 1.330542
2338.371338 0.000000 3585.624756 0.000000 0.000000 0.000000 1.000000 1.000000 1.000000 1.000000
2334.714844 0.000000 3542.948242 0.000000 0.000000 0.000000 1.000000 1.000000 1.000000 1.000000
2247.077881 0.000000 3507.642090 0.000000 0.000000 0.000000 1.000000 0.526074 0.526074 0.526074
2445.426270 0.000000 3342.554932 0.000000 0.000000 0.000000 1.000000 1.000000 1.000000 1.000000
2501.034668 0.000000 3325.942383 0.000000 0.000000 0.000000 1.000000 1.584106 1.584106 1.584106
2541.392578 0.000000 3221.605469 0.000000 0.000000 0.000000 1.000000 0.730298 0.730298 0.730298
2553.317383 0.000000 3178.814697 0.000000 0.000000 0.000000 1.000000 1.000000 1.000000 1.000000
2614.138184 0.000000 3546.936279 0.000000 0.000000 0.000000 1.000000 1.000000 1.000000 1.000000
2608.238281 0.000000 3499.139893 0.000000 0.000000 0.000000 1.000000 1.000000 1.000000 1.000000
2617.245117 0.000000 3453.284180 0.000000 0.000000 0.000000 1.000000 1.000000 1.000000 1.000000
2644.100098 0.000000 3476.046631 0.000000 0.000000 0.000000 1.000000 0.657153 0.657153 0.657153
2770.654053 0.000000 3468.555176 0.000000 0.000000 0.000000 1.000000 1.218066 1.218066 1.218066
2725.070557 0.000000 3681.761719 0.000000 0.000000 0.000000 1.000000 1.000000 1.000000 1.000000
2781.118652 0.000000 3650.200684 0.000000 0.000000 0.000000 1.000000 1.000000 1.000000 1.000000
2828.680908 0.000000 3614.323975 0.000000 0.000000 0.000000 1.000000 1.000000 1.000000 1.000000
2857.515625 0.000000 3574.031738 0.000000 0.000000 0.000000 1.000000 1.000000 1.000000 1.000000
2910.022705 0.000000 3493.593018 0.000000 0.000000 0.000000 1.000000 1.000000 1.000000 1.000000
2897.871826 0.000000 3437.128906 0.000000 0.000000 0.000000 1.000000 1.000000 1.000000 1.000000
2931.056396 0.000000 3373.343506 0.000000 0.000000 0.000000 1.000000 1.000000 1.000000 1.000000
2903.949219 0.000000 3309.934082 0.000000 0.000000 0.000000 1.000000 1.136914 1.136914 1.136914
2922.193359 0.000000 3250.784668 0.000000 0.000000 0.000000 1.000000 1.000000 1.000000 1.000000
2976.541504 0.000000 3324.780518 0.000000 0.000000 0.000000 1.000000 1.000000 1.000000 1.000000
3039.523926 0.000000 3287.199463 0.000000 0.000000 0.000000 1.000000 1.000000 1.000000 1.000000
3080.075439 0.000000 3239.521484 0.000000 0.000000 0.000000 1.000000 1.000000 1.000000 1.000000
3186.201660 0.000000 3283.663330 0.000000 0.000000 0.000000 1.000000 1.000000 1.000000 1.000000
3249.020020 0.000000 3294.789551 0.000000 0.000000 0.000000 1.000000 1.000000 1.000000 1.000000
3306.354248 0.000000 3312.568359 0.000000 0.000000 0.000000 1.000000 1.000000 1.000000 1.000000
3287.159424 0.000000 3363.114746 0.000000 0.000000 0.000000 1.000000 1.000000 1.000000 1.000000
3340.240967 0.000000 3401.845215 0.000000 0.000000 0.000000 1.000000 1.000000 1.000000 1.000000
3418.161133 0.000000 3412.669678 0.000000 0.000000 0.000000 1.000000 1.000000 1.000000 1.000000
3480.427734 0.000000 3430.982178 0.000000 0.000000 0.000000 1.000000 1.000000 1.000000 1.000000
3570.124023 0.000000 3426.854980 0.000000 0.000000 0.000000 1.000000 1.000000 1.000000 1.000000
3647.303955 0.000000 3440.774658 0.000000 0.000000 0.000000 1.000000 1.000000 1.000000 1.000000
3860.398193 0.000000 3384.766602 0.000000 0.000000 0.000000 1.000000 1.000000 1.000000 1.000000
3943.476807 0.000000 3437.892578 0.000000 0.000000 0.000000 1.000000 1.000000 1.000000 1.000000
4008.855469 0.000000 3419.686035 0.000000 0.000000 0.000000 1.000000 1.000000 1.000000 1.000000
4016.806885 0.000000 3504.501709 0.000000 0.000000 0.000000 1.000000 1.000000 1.000000 1.000000
4222.962891 0.000000 3428.950928 0.000000 0.000000 0.000000 1.000000 1.797559 1.797559 1.797559
4392.164062 0.000000 3358.085449 0.000000 0.000000 0.000000 1.000000 1.000000 1.000000 1.000000
4468.886719 0.000000 3285.967529 0.000000 0.000000 0.000000 1.000000 1.000000 1.000000 1.000000
4410.359863 0.000000 3158.872070 0.000000 0.000000 0.000000 1.000000 1.000000 1.000000 1.000000
4233.876953 0.000000 3166.842529 0.000000 0.000000 0.000000 1.000000 1.600635 1.600635 1.600635
4831.582520 0.000000 3404.824463 0.000000 0.000000 0.000000 1.000000 1.000000 1.000000 1.000000
4954.770996 0.000000 3449.033203 0.000000 0.000000 0.000000 1.000000 1.000000 1.000000 1.000000
5071.733398 0.000000 3451.946289 0.000000 0.000000 0.000000 1.000000 1.000000 1.000000 1.000000
5817.958496 0.000000 3425.153564 0.000000 0.000000 0.000000 1.000000 1.000000 1.000000 1.000000
6102.660156 0.000000 3651.695312 0.000000 0.000000 0.000000 1.000000 1.000000 1.000000 1.000000
6140.701172 0.000000 1074.055420 0.000000 0.000000 0.000000 1.000000 1.000000 1.000000 1.000000
6093.336426 0.000000 1171.513062 0.000000 0.000000 0.000000 1.000000 1.000000 1.000000 1.000000
6073.020020 0.000000 1264.348511 0.000000 0.000000 0.000000 1.000000 1.000000 1.000000 1.000000
6064.742188 0.000000 1344.650269 0.000000 0.000000 0.000000 1.000000 1.000000 1.000000 1.000000
6024.866211 0.000000 1430.152588 0.000000 0.000000 0.000000 1.000000 1.000000 1.000000 1.000000
6074.124023 0.000000 1485.878296 0.000000 0.000000 0.000000 1.000000 3.063232 3.063232 3.063232
5964.508789 0.000000 1431.750244 0.000000 0.000000 0.000000 1.000000 1.000000 1.000000 1.000000
5841.810059 0.000000 1316.145142 0.000000 0.000000 0.000000 1.000000 0.593762 0.593762 0.593762
5851.124512 0.000000 1258.243774 0.000000 0.000000 0.000000 1.000000 0.732153 0.732153 0.732153
5875.388672 0.000000 1204.208252 0.000000 0.000000 0.000000 1.000000 0.514282 0.514282 0.514282
5246.725586 0.000000 1007.027527 0.000000 0.000000 0.000000 1.000000 1.316821 1.316821 1.316821
5359.094238 0.000000 988.601807 0.000000 0.000000 0.000000 1.000000 0.407538 0.407538 0.407538
5344.531250 0.000000 944.394043 0.000000 0.000000 0.000000 1.000000 0.457458 0.457458 0.457458
2898.641113 0.000000 121.650093 0.000000 0.000000 0.000000 1.000000 4.067575 4.067575 4.067575
2700.636719 0.000000 118.591522 0.000000 0.000000 0.000000 1.000000 4.067575 4.067575 4.067575
2510.415527 0.000000 128.979279 0.000000 0.000000 0.000000 1.000000 4.067575 4.067575 4.067575
2326.315430 0.000000 137.290192 0.000000 0.000000 0.000000 1.000000 2.603565 2.603565 2.603565
2154.342773 0.000000 142.974228 0.000000 0.000000 0.000000 1.000000 2.603565 2.603565 2.603565
2017.503784 0.000000 154.235809 0.000000 0.000000 0.000000 1.000000 2.603565 2.603565 2.603565
1877.100464 0.000000 185.232758 0.000000 0.000000 0.000000 1.000000 2.603565 2.603565 2.603565
1768.888550 0.000000 101.690590 0.000000 0.000000 0.000000 1.000000 2.603565 2.603565 2.603565
1492.544678 0.000000 65.099266 0.000000 0.000000 0.000000 1.000000 0.788075 0.788075 0.788075
856.144531 0.000000 603.621826 0.000000 0.000000 0.000000 1.000000 0.274979 0.274979 0.274979
841.608337 0.000000 570.586182 0.000000 0.000000 0.000000 1.000000 0.443714 0.443714 0.443714
5843.829102 0.000000 2506.498779 0.000000 0.000000 0.000000 1.000000 2.872632 2.872632 2.872632
5951.733887 0.000000 2569.973145 0.000000 0.000000 0.000000 1.000000 2.918067 2.918067 2.918067
6093.823242 0.000000 2560.098145 0.000000 0.000000 0.000000 1.000000 3.948779 3.948779 3.948779
6260.731934 0.000000 2699.227295 0.000000 0.000000 0.000000 1.000000 6.633838 6.633838 6.633838
6495.341797 0.000000 2295.684326 0.000000 0.000000 0.000000 1.000000 4.178710 4.178710 4.178710
6327.373047 0.000000 3149.875488 0.000000 0.000000 0.000000 1.000000 1.534155 1.534155 1.534155
6325.858887 0.000000 3242.831787 0.000000 0.000000 0.000000 1.000000 1.615185 1.615185 1.615185
4681.729980 0.000000 2606.204102 0.000000 0.000000 0.000000 1.000000 1.166650 1.166650 1.166650
4899.223145 0.000000 2918.658203 0.000000 0.000000 0.000000 1.000000 1.000000 1.000000 1.000000
4794.894531 0.000000 2823.252441 0.000000 0.000000 0.000000 1.000000 1.459229 1.459229 1.459229
4716.460938 0.000000 2849.145752 0.000000 0.000000 0.000000 1.000000 1.464526 1.464526 1.464526
4659.264648 0.000000 2872.398193 0.000000 0.000000 0.000000 1.000000 1.396167 1.396167 1.396167
4602.474609 0.000000 2905.695068 0.000000 0.000000 0.000000 1.000000 1.370239 1.370239 1.370239
4451.886230 0.000000 3001.057617 0.000000 0.000000 0.000000 1.000000 1.897241 1.897241 1.897241
4315.296875 0.000000 2947.663330 0.000000 0.000000 0.000000 1.000000 1.242920 1.242920 1.242920
4214.666992 0.000000 2991.323242 0.000000 0.000000 0.000000 1.000000 1.346289 1.346289 1.346289
4233.651855 0.000000 3034.521240 0.000000 0.000000 0.000000 1.000000 1.060840 1.060840 1.060840
4207.695801 0.000000 2786.155029 0.000000 0.000000 0.000000 1.000000 1.728418 1.728418 1.728418
4129.923828 0.000000 2788.139893 0.000000 0.000000 0.000000 1.000000 1.416357 1.416357 1.416357
4060.210938 0.000000 2770.271240 0.000000 0.000000 0.000000 1.000000 1.374268 1.374268 1.374268
3896.086182 0.000000 2689.438477 0.000000 0.000000 0.000000 1.000000 1.335938 1.335938 1.335938
3789.792236 0.000000 2687.219727 0.000000 0.000000 0.000000 1.000000 1.157056 1.157056 1.157056
3694.904297 0.000000 2699.454834 0.000000 0.000000 0.000000 1.000000 1.000000 1.000000 1.000000
3619.990723 0.000000 2690.754639 0.000000 0.000000 0.000000 1.000000 1.000000 1.000000 1.000000
3313.828369 0.000000 2353.437744 0.000000 0.000000 0.000000 1.000000 1.921509 1.921509 1.921509
3206.026367 0.000000 2368.157471 0.000000 0.000000 0.000000 1.000000 2.267358 2.267358 2.267358
4590.911621 0.000000 3173.989014 0.000000 0.000000 0.000000 1.000000 1.346802 1.346802 1.346802
4663.714844 0.000000 3162.239502 0.000000 0.000000 0.000000 1.000000 1.084546 1.084546 1.084546
"}
object={
	name="env_snow_mountains"
	render_pass=Map
	clamp_to_water_level=yes
	generated_content=no
	layer="env_effect_mountains_layer"
	entity="env_snow_mountains"
	count=0
}
object={
	name="env_snow_plains"
	render_pass=Map
	clamp_to_water_level=yes
	generated_content=no
	layer="env_effect_layer"
	entity="env_snow_plains"
	count=2
	transform="2585.850342 -3.095947 3754.724365 0.000000 0.000000 0.000000 1.000000 1.000000 1.000000 1.000000
2603.244873 0.000000 3941.772461 0.000000 0.000000 0.000000 1.000000 1.000000 1.000000 1.000000
"}
object={
	name="env_snow_plains_ambient"
	render_pass=Map
	clamp_to_water_level=yes
	generated_content=no
	layer="env_effect_layer"
	entity="env_snow_plains_ambient"
	count=41
	transform="2673.284668 -0.325439 3779.354736 0.000000 0.000000 0.000000 1.000000 1.000000 1.000000 1.000000
2747.373535 0.000000 3739.692139 0.000000 0.000000 0.000000 1.000000 1.000000 1.000000 1.000000
2854.227051 -1.495361 3677.693848 0.000000 0.000000 0.000000 1.000000 1.000000 1.000000 1.000000
2653.296143 -2.859131 3866.798096 0.000000 0.000000 0.000000 1.000000 1.000000 1.000000 1.000000
2930.498779 0.000000 3592.507812 0.000000 0.000000 0.000000 1.000000 1.000000 1.000000 1.000000
2985.886475 0.000000 3416.119141 0.000000 0.000000 0.000000 1.000000 1.000000 1.000000 1.000000
3104.511230 -1.886475 3314.667480 0.000000 0.000000 0.000000 1.000000 1.000000 1.000000 1.000000
3219.811768 0.000000 3370.435791 0.000000 0.000000 0.000000 1.000000 1.000000 1.000000 1.000000
3277.400146 0.000000 3428.197998 0.000000 0.000000 0.000000 1.000000 1.000000 1.000000 1.000000
3418.455078 0.000000 3489.718262 0.000000 0.000000 0.000000 1.000000 1.000000 1.000000 1.000000
3545.254639 0.000000 3491.875732 0.000000 0.000000 0.000000 1.000000 1.000000 1.000000 1.000000
3609.775635 0.000000 3519.306641 0.000000 0.000000 0.000000 1.000000 1.000000 1.000000 1.000000
3852.097656 0.000000 3505.894775 0.000000 0.000000 0.000000 1.000000 1.000000 1.000000 1.000000
4333.751465 -1.473389 3520.120117 0.000000 0.000000 0.000000 1.000000 1.000000 1.000000 1.000000
4361.722656 0.000000 3426.820312 0.000000 0.000000 0.000000 1.000000 1.000000 1.000000 1.000000
4461.782227 0.000000 3361.066650 0.000000 0.000000 0.000000 1.000000 1.000000 1.000000 1.000000
4571.643555 0.000000 3369.905273 0.000000 0.000000 0.000000 1.000000 1.000000 1.000000 1.000000
4447.881836 0.000000 3488.067871 0.000000 0.000000 0.000000 1.000000 1.000000 1.000000 1.000000
4519.472168 0.000000 3427.984619 0.000000 0.000000 0.000000 1.000000 1.000000 1.000000 1.000000
4658.865723 0.000000 3333.529297 0.000000 0.000000 0.000000 1.000000 1.000000 1.000000 1.000000
4635.094727 0.000000 3440.638916 0.000000 0.000000 0.000000 1.000000 1.000000 1.000000 1.000000
4749.487305 0.000000 3379.957764 0.000000 0.000000 0.000000 1.000000 1.000000 1.000000 1.000000
4885.259277 0.000000 3498.095947 0.000000 0.000000 0.000000 1.000000 1.000000 1.000000 1.000000
5010.400391 0.000000 3515.083740 0.000000 0.000000 0.000000 1.000000 1.000000 1.000000 1.000000
5201.500977 0.000000 3521.305176 0.000000 0.000000 0.000000 1.000000 1.000000 1.000000 1.000000
5302.044434 0.000000 3499.981445 0.000000 0.000000 0.000000 1.000000 1.000000 1.000000 1.000000
5429.820801 0.000000 3469.427490 0.000000 0.000000 0.000000 1.000000 1.000000 1.000000 1.000000
5562.281250 0.000000 3456.791504 0.000000 0.000000 0.000000 1.000000 1.000000 1.000000 1.000000
5716.646973 0.000000 3456.677002 0.000000 0.000000 0.000000 1.000000 1.000000 1.000000 1.000000
5808.836914 0.000000 3522.287598 0.000000 0.000000 0.000000 1.000000 1.000000 1.000000 1.000000
5884.629883 0.000000 3665.562500 0.000000 0.000000 0.000000 1.000000 1.000000 1.000000 1.000000
5969.932617 0.000000 3767.614258 0.000000 0.000000 0.000000 1.000000 1.000000 1.000000 1.000000
6107.879883 0.000000 3759.245117 0.000000 0.000000 0.000000 1.000000 1.000000 1.000000 1.000000
6164.384277 0.000000 3672.091309 0.000000 0.000000 0.000000 1.000000 1.000000 1.000000 1.000000
6264.890137 0.000000 3732.999756 0.000000 0.000000 0.000000 1.000000 1.000000 1.000000 1.000000
6340.957520 0.000000 3635.495361 0.000000 0.000000 0.000000 1.000000 1.000000 1.000000 1.000000
6317.767578 0.000000 3354.130371 0.000000 0.000000 0.000000 1.000000 1.000000 1.000000 1.000000
3064.282715 0.000000 3343.435303 0.000000 0.000000 0.000000 1.000000 1.000000 1.000000 1.000000
2976.094727 0.000000 3500.511963 0.000000 0.000000 0.000000 1.000000 1.000000 1.000000 1.000000
2815.877441 0.000000 3705.889404 0.000000 0.000000 0.000000 1.000000 1.000000 1.000000 1.000000
3356.922363 0.000000 3458.158203 0.000000 0.000000 0.000000 1.000000 1.000000 1.000000 1.000000
"}
object={
	name="waterfall"
	render_pass=Map
	clamp_to_water_level=yes
	generated_content=no
	layer="coast_foam_layer"
	entity="waterfall"
	count=0
}
object={
	name="waterfall_bottom"
	render_pass=Map
	clamp_to_water_level=yes
	generated_content=no
	layer="coast_foam_layer"
	entity="waterfall_bottom"
	count=0
}
